t1,t2,style,k,r0,source
ac1,oc3,quadratic,180,1.98,cvff
ac1,oc4,quadratic,180,1.8100000000000001,cvff
al,c,quadratic,392.80000000000001,1.8089999999999999,cvff
al,h,quadratic,392.80000000000001,1.3819999999999999,cvff
al,o,quadratic,392.80000000000001,1.7749999999999999,cvff
al,oz,quadratic,392.80000000000001,1.7749999999999999,cvff
al,si,quadratic,392.80000000000001,3.0899999999999999,cvff
al,sz,quadratic,392.80000000000001,3.0899999999999999,cvff
ay1,oy4,quadratic,430,2.0411999999999999,cvff
ay1,oy5,quadratic,430,2.0234000000000001,cvff
ay1,oy6,quadratic,430,2.0169999999999999,cvff
ay1,oy7,quadratic,430,2.0211999999999999,cvff
ay1,oy8,quadratic,430,2.0432999999999999,cvff
ay1,oy9,quadratic,430,2.0127999999999999,cvff
ay2,oy4,quadratic,430,2.0211999999999999,cvff
ay2,oy5,quadratic,430,2.0432999999999999,cvff
ay2,oy6,quadratic,430,2.0127999999999999,cvff
ay2,oy7,quadratic,430,2.0411999999999999,cvff
ay2,oy8,quadratic,430,2.0234000000000001,cvff
ay2,oy9,quadratic,430,2.0169999999999999,cvff
ayt1,oc23,quadratic,285,1.6799999999999999,cvff
ayt2,oc23,quadratic,285,1.6799999999999999,cvff
az,az,quadratic,392.80000000000001,3.0899999999999999,cvff
az,c,quadratic,392.80000000000001,1.8089999999999999,cvff
az,h,quadratic,392.80000000000001,1.3819999999999999,cvff
az,o,quadratic,392.80000000000001,1.7749999999999999,cvff
az,oh,quadratic,392.80000000000001,1.7749999999999999,cvff
az,oz,quadratic,392.80000000000001,1.7749999999999999,cvff
az,sz,quadratic,392.80000000000001,3.0899999999999999,cvff
br,br,quadratic,175.63999999999999,2.29,cvff
br,c,quadratic,223.59999999999999,1.9199999999999999,cvff
br,cp,quadratic,223.59999999999999,1.9199999999999999,cvff
br,lp,quadratic,223.59999999999999,1.9199999999999999,cvff
br_,br_,quadratic,175.63290000000001,2.29,cvff_auto
br_,c'_,quadratic,228.2808,1.875,cvff_auto
br_,c3m_,quadratic,223.59999999999999,1.9199999999999999,cvff_auto
br_,c4m_,quadratic,223.59999999999999,1.9199999999999999,cvff_auto
br_,c=_,quadratic,253.70079999999999,1.8799999999999999,cvff_auto
br_,c=_1,quadratic,253.70079999999999,1.8799999999999999,cvff_auto
br_,c=_2,quadratic,253.70079999999999,1.8799999999999999,cvff_auto
br_,c=_3,quadratic,253.70079999999999,1.8799999999999999,cvff_auto
br_,c_,quadratic,223.59999999999999,1.9199999999999999,cvff_auto
br_,cl_,quadratic,209.1876,2.1320000000000001,cvff_auto
br_,cp_,quadratic,223.59999999999999,1.9199999999999999,cvff_auto
br_,ct_,quadratic,268.8528,1.825,cvff_auto
br_,f_,quadratic,193.5,1.7949999999999999,cvff_auto
br_,h_,quadratic,314.1728,1.508,cvff_auto
br_,i_,quadratic,165.6156,2.4660000000000002,cvff_auto
br_,n+_,quadratic,196.59399999999999,1.837,cvff_auto
br_,n3m_,quadratic,203.834,1.837,cvff_auto
br_,n4m_,quadratic,203.834,1.837,cvff_auto
br_,n=_,quadratic,259.19799999999998,1.8100000000000001,cvff_auto
br_,n=_1,quadratic,259.19799999999998,1.8100000000000001,cvff_auto
br_,n=_2,quadratic,259.19799999999998,1.8100000000000001,cvff_auto
br_,n=_3,quadratic,259.19799999999998,1.8100000000000001,cvff_auto
br_,n_,quadratic,206.398,1.8100000000000001,cvff_auto
br_,na_,quadratic,203.834,1.837,cvff_auto
br_,np_,quadratic,259.19799999999998,1.8100000000000001,cvff_auto
br_,o'_,quadratic,233.2954,1.7549999999999999,cvff_auto
br_,o_,quadratic,284.79880000000003,1.798,cvff_auto
br_,op_,quadratic,260.8954,1.7549999999999999,cvff_auto
br_,p_,quadratic,183.1472,2.1800000000000002,cvff_auto
br_,s'_,quadratic,187.60169999999999,2.145,cvff_auto
br_,s3e_,quadratic,187.8836,2.1749999999999998,cvff_auto
br_,s4e_,quadratic,187.8836,2.1749999999999998,cvff_auto
br_,s_,quadratic,187.8836,2.1749999999999998,cvff_auto
br_,si_,quadratic,180.232,2.2349999999999999,cvff_auto
br_,sp_,quadratic,172.80170000000001,2.145,cvff_auto
c,c,quadratic,322.7158,1.526,cvff
c,c',quadratic,283.0924,1.52,cvff
c,c5,quadratic,283.0924,1.51,cvff
c,c=,quadratic,322.80000000000001,1.5,cvff
c,c=1,quadratic,322.80000000000001,1.5,cvff
c,c=2,quadratic,322.80000000000001,1.5,cvff
c,ci,quadratic,283.0924,1.51,cvff
c,cl,quadratic,314,1.7609999999999999,cvff
c,cp,quadratic,283.0924,1.51,cvff
c,f,quadratic,496,1.363,cvff
c,h,quadratic,340.61750000000001,1.105,cvff
c,n,quadratic,377.5752,1.46,cvff
c,n1,quadratic,377.5752,1.46,cvff
c,n2,quadratic,356.59879999999998,1.47,cvff
c,n3,quadratic,356.59879999999998,1.47,cvff
c,n4,quadratic,356.59879999999998,1.47,cvff
c,n=,quadratic,336.80000000000001,1.4750000000000001,cvff
c,n=1,quadratic,336.80000000000001,1.4750000000000001,cvff
c,n=2,quadratic,336.80000000000001,1.4750000000000001,cvff
c,np,quadratic,336.80000000000001,1.4750000000000001,cvff
c,o,quadratic,273.19999999999999,1.425,cvff
c,oh,quadratic,384,1.4199999999999999,cvff
c,s,quadratic,228,1.8,cvff
c,s1,quadratic,228,1.8,cvff
c,sh,quadratic,228,1.8200000000000001,cvff
c,si,quadratic,238,1.8089999999999999,cvff
c,sz,quadratic,238,1.8089999999999999,cvff
c',c=,quadratic,322.80000000000001,1.5,cvff
c',c=1,quadratic,322.80000000000001,1.5,cvff
c',c=2,quadratic,322.80000000000001,1.5,cvff
c',cp,quadratic,351.2527,1.472,cvff
c',h,quadratic,340.61750000000001,1.105,cvff
c',n,quadratic,388,1.3200000000000001,cvff
c',n2,quadratic,388,1.3200000000000001,cvff
c',o,quadratic,400,1.3700000000000001,cvff
c',o',quadratic,615.322,1.23,cvff
c',o-,quadratic,540,1.25,cvff
c',oh,quadratic,400,1.3700000000000001,cvff
c',s',quadratic,510.27749999999997,1.611,cvff
c'_,c'_,quadratic,266.39999999999998,1.5,cvff_auto
c'_,c3m_,quadratic,283.0924,1.52,cvff_auto
c'_,c4m_,quadratic,283.0924,1.52,cvff_auto
c'_,c=_,quadratic,322.80000000000001,1.5,cvff_auto
c'_,c=_1,quadratic,322.80000000000001,1.5,cvff_auto
c'_,c=_2,quadratic,322.80000000000001,1.5,cvff_auto
c'_,c=_3,quadratic,322.80000000000001,1.5,cvff_auto
c'_,c_,quadratic,283.0924,1.52,cvff_auto
c'_,cl_,quadratic,249.8588,1.7270000000000001,cvff_auto
c'_,cp_,quadratic,284.33159999999998,1.5,cvff_auto
c'_,ct_,quadratic,311.14920000000001,1.4199999999999999,cvff_auto
c'_,f_,quadratic,217.70920000000001,1.3899999999999999,cvff_auto
c'_,h_,quadratic,340.61750000000001,1.105,cvff_auto
c'_,i_,quadratic,208.60239999999999,2.0609999999999999,cvff_auto
c'_,n3m_,quadratic,272,1.446,cvff_auto
c'_,n4m_,quadratic,332,1.3999999999999999,cvff_auto
c'_,n=_,quadratic,296.2996,1.405,cvff_auto
c'_,n=_1,quadratic,296.2996,1.405,cvff_auto
c'_,n=_2,quadratic,296.2996,1.405,cvff_auto
c'_,n=_3,quadratic,296.2996,1.405,cvff_auto
c'_,n_,quadratic,388,1.3600000000000001,cvff_auto
c'_,np_,quadratic,296.2996,1.405,cvff_auto
c'_,o'_,quadratic,615.322,1.22,cvff_auto
c'_,o-_,quadratic,572.88599999999997,1.25,cvff_auto
c'_,o_,quadratic,400,1.3400000000000001,cvff_auto
c'_,op_,quadratic,294.10079999999999,1.3500000000000001,cvff_auto
c'_,p_,quadratic,241.38200000000001,1.72,cvff_auto
c'_,s'_,quadratic,510.27749999999997,1.611,cvff_auto
c'_,s-_,quadratic,280.30599999999998,1.6799999999999999,cvff_auto
c'_,s3e_,quadratic,175.0035,1.77,cvff_auto
c'_,s4e_,quadratic,175.0035,1.77,cvff_auto
c'_,s_,quadratic,175.0035,1.77,cvff_auto
c'_,si_,quadratic,239.3552,1.8300000000000001,cvff_auto
c'_,sp_,quadratic,215.35319999999999,1.74,cvff_auto
c3m_,c3m_,quadratic,322.7158,1.51,cvff_auto
c3m_,c4m_,quadratic,322.7158,1.526,cvff_auto
c3m_,c=_,quadratic,322.80000000000001,1.5,cvff_auto
c3m_,c=_1,quadratic,322.80000000000001,1.5,cvff_auto
c3m_,c=_2,quadratic,322.80000000000001,1.5,cvff_auto
c3m_,c=_3,quadratic,322.80000000000001,1.5,cvff_auto
c3m_,c_,quadratic,322.7158,1.526,cvff_auto
c3m_,cl_,quadratic,314,1.7609999999999999,cvff_auto
c3m_,cp_,quadratic,283.0924,1.51,cvff_auto
c3m_,ct_,quadratic,340,1.3999999999999999,cvff_auto
c3m_,f_,quadratic,496,1.363,cvff_auto
c3m_,h_,quadratic,340.61750000000001,1.105,cvff_auto
c3m_,i_,quadratic,200,2.1200000000000001,cvff_auto
c3m_,n+_,quadratic,270.8836,1.462,cvff_auto
c3m_,n3m_,quadratic,356.59879999999998,1.4850000000000001,cvff_auto
c3m_,n4m_,quadratic,356.59879999999998,1.47,cvff_auto
c3m_,n=_,quadratic,336.80000000000001,1.4750000000000001,cvff_auto
c3m_,n=_1,quadratic,336.80000000000001,1.4750000000000001,cvff_auto
c3m_,n=_2,quadratic,336.80000000000001,1.4750000000000001,cvff_auto
c3m_,n=_3,quadratic,336.80000000000001,1.4750000000000001,cvff_auto
c3m_,n_,quadratic,377.5752,1.46,cvff_auto
c3m_,na_,quadratic,356.59879999999998,1.47,cvff_auto
c3m_,np_,quadratic,336.80000000000001,1.4750000000000001,cvff_auto
c3m_,o'_,quadratic,318.94839999999999,1.3799999999999999,cvff_auto
c3m_,o3e_,quadratic,273.19999999999999,1.4339999999999999,cvff_auto
c3m_,o4e_,quadratic,273.19999999999999,1.425,cvff_auto
c3m_,o_,quadratic,273.19999999999999,1.425,cvff_auto
c3m_,op_,quadratic,346.54840000000002,1.3799999999999999,cvff_auto
c3m_,p_,quadratic,249.1344,1.75,cvff_auto
c3m_,s'_,quadratic,257.33240000000001,1.77,cvff_auto
c3m_,s3e_,quadratic,228,1.8,cvff_auto
c3m_,s4e_,quadratic,228,1.8,cvff_auto
c3m_,s_,quadratic,228,1.8,cvff_auto
c3m_,si_,quadratic,238,1.8089999999999999,cvff_auto
c3m_,sp_,quadratic,242.5324,1.77,cvff_auto
c4m_,c4m_,quadratic,322.7158,1.552,cvff_auto
c4m_,c=_,quadratic,322.80000000000001,1.5,cvff_auto
c4m_,c=_1,quadratic,322.80000000000001,1.5,cvff_auto
c4m_,c=_2,quadratic,322.80000000000001,1.5,cvff_auto
c4m_,c=_3,quadratic,322.80000000000001,1.5,cvff_auto
c4m_,c_,quadratic,322.7158,1.526,cvff_auto
c4m_,cl_,quadratic,314,1.7609999999999999,cvff_auto
c4m_,cp_,quadratic,283.0924,1.51,cvff_auto
c4m_,ct_,quadratic,340,1.3999999999999999,cvff_auto
c4m_,f_,quadratic,496,1.363,cvff_auto
c4m_,h_,quadratic,340.61750000000001,1.105,cvff_auto
c4m_,i_,quadratic,200,2.1200000000000001,cvff_auto
c4m_,n+_,quadratic,270.8836,1.462,cvff_auto
c4m_,n3m_,quadratic,356.59879999999998,1.47,cvff_auto
c4m_,n4m_,quadratic,356.59879999999998,1.4670000000000001,cvff_auto
c4m_,n=_,quadratic,336.80000000000001,1.4750000000000001,cvff_auto
c4m_,n=_1,quadratic,336.80000000000001,1.4750000000000001,cvff_auto
c4m_,n=_2,quadratic,336.80000000000001,1.4750000000000001,cvff_auto
c4m_,n=_3,quadratic,336.80000000000001,1.4750000000000001,cvff_auto
c4m_,n_,quadratic,377.5752,1.46,cvff_auto
c4m_,na_,quadratic,356.59879999999998,1.47,cvff_auto
c4m_,np_,quadratic,336.80000000000001,1.4750000000000001,cvff_auto
c4m_,o'_,quadratic,318.94839999999999,1.3799999999999999,cvff_auto
c4m_,o3e_,quadratic,273.19999999999999,1.425,cvff_auto
c4m_,o4e_,quadratic,273.19999999999999,1.4461999999999999,cvff_auto
c4m_,o_,quadratic,273.19999999999999,1.425,cvff_auto
c4m_,op_,quadratic,346.54840000000002,1.3799999999999999,cvff_auto
c4m_,p_,quadratic,249.1344,1.75,cvff_auto
c4m_,s'_,quadratic,257.33240000000001,1.77,cvff_auto
c4m_,s3e_,quadratic,228,1.8,cvff_auto
c4m_,s4e_,quadratic,228,1.847,cvff_auto
c4m_,s_,quadratic,228,1.8,cvff_auto
c4m_,si_,quadratic,238,1.8089999999999999,cvff_auto
c4m_,sp_,quadratic,242.5324,1.77,cvff_auto
c5,c5,quadratic,280,1.3899999999999999,cvff
c5,cp,quadratic,280,1.3400000000000001,cvff
c5,cs,quadratic,400,1.363,cvff
c5,h,quadratic,363.41640000000001,1.0800000000000001,cvff
c5,np,quadratic,320,1.3799999999999999,cvff
c5,o,quadratic,420,1.3700000000000001,cvff
c5,op,quadratic,420,1.3700000000000001,cvff
c5,s,quadratic,228,1.73,cvff
c=,c=,quadratic,655.20000000000005,1.3300000000000001,cvff
c=,c=1,quadratic,655.20000000000005,1.3300000000000001,cvff
c=,h,quadratic,361.60000000000002,1.0900000000000001,cvff
c=,n=,quadratic,560,1.26,cvff
c=,n=1,quadratic,560,1.26,cvff
c=1,h,quadratic,361.60000000000002,1.0900000000000001,cvff
c=1,n=,quadratic,560,1.26,cvff
c=2,h,quadratic,361.60000000000002,1.0900000000000001,cvff
c=_,c=_,quadratic,655.20000000000005,1.3300000000000001,cvff_auto
c=_,c_,quadratic,322.80000000000001,1.5,cvff_auto
c=_,cl_,quadratic,278.51319999999998,1.732,cvff_auto
c=_,cp_,quadratic,322.80000000000001,1.5,cvff_auto
c=_,ct_,quadratic,337.64240000000001,1.425,cvff_auto
c=_,f_,quadratic,285.13200000000001,1.395,cvff_auto
c=_,h_,quadratic,361.60000000000002,1.0900000000000001,cvff_auto
c=_,i_,quadratic,233.44319999999999,2.0659999999999998,cvff_auto
c=_,n3m_,quadratic,273.71679999999998,1.4370000000000001,cvff_auto
c=_,n4m_,quadratic,273.71679999999998,1.4370000000000001,cvff_auto
c=_,n=_,quadratic,560,1.26,cvff_auto
c=_,n_,quadratic,279.07400000000001,1.4099999999999999,cvff_auto
c=_,na_,quadratic,273.71679999999998,1.4370000000000001,cvff_auto
c=_,np_,quadratic,331.87400000000002,1.4099999999999999,cvff_auto
c=_,o'_,quadratic,312.91160000000002,1.355,cvff_auto
c=_,o_,quadratic,355.19880000000001,1.3680000000000001,cvff_auto
c=_,op_,quadratic,340.51159999999999,1.355,cvff_auto
c=_,p_,quadratic,250.99879999999999,1.7250000000000001,cvff_auto
c=_,s'_,quadratic,255.78800000000001,1.7450000000000001,cvff_auto
c=_,s3e_,quadratic,254.94399999999999,1.7749999999999999,cvff_auto
c=_,s4e_,quadratic,254.94399999999999,1.7749999999999999,cvff_auto
c=_,s_,quadratic,254.94399999999999,1.7749999999999999,cvff_auto
c=_,si_,quadratic,241.04239999999999,1.835,cvff_auto
c=_,sp_,quadratic,240.988,1.7450000000000001,cvff_auto
c=_1,c=_1,quadratic,320,1.48,cvff_auto
c=_1,c=_2,quadratic,320,1.48,cvff_auto
c=_1,c=_3,quadratic,655.20000000000005,1.3300000000000001,cvff_auto
c=_1,c_,quadratic,322.80000000000001,1.5,cvff_auto
c=_1,cl_,quadratic,278.51319999999998,1.732,cvff_auto
c=_1,cp_,quadratic,322.80000000000001,1.5,cvff_auto
c=_1,ct_,quadratic,337.64240000000001,1.425,cvff_auto
c=_1,f_,quadratic,285.13200000000001,1.395,cvff_auto
c=_1,h_,quadratic,361.60000000000002,1.0900000000000001,cvff_auto
c=_1,i_,quadratic,233.44319999999999,2.0659999999999998,cvff_auto
c=_1,n3m_,quadratic,273.71679999999998,1.4370000000000001,cvff_auto
c=_1,n4m_,quadratic,273.71679999999998,1.4370000000000001,cvff_auto
c=_1,n=_1,quadratic,331.87400000000002,1.4099999999999999,cvff_auto
c=_1,n=_2,quadratic,331.87400000000002,1.4099999999999999,cvff_auto
c=_1,n=_3,quadratic,560,1.26,cvff_auto
c=_1,n_,quadratic,279.07400000000001,1.4099999999999999,cvff_auto
c=_1,na_,quadratic,273.71679999999998,1.4370000000000001,cvff_auto
c=_1,np_,quadratic,331.87400000000002,1.4099999999999999,cvff_auto
c=_1,o'_,quadratic,312.91160000000002,1.355,cvff_auto
c=_1,o_,quadratic,355.19880000000001,1.3680000000000001,cvff_auto
c=_1,op_,quadratic,340.51159999999999,1.355,cvff_auto
c=_1,p_,quadratic,250.99879999999999,1.7250000000000001,cvff_auto
c=_1,s'_,quadratic,255.78800000000001,1.7450000000000001,cvff_auto
c=_1,s3e_,quadratic,254.94399999999999,1.7749999999999999,cvff_auto
c=_1,s4e_,quadratic,254.94399999999999,1.7749999999999999,cvff_auto
c=_1,s_,quadratic,254.94399999999999,1.7749999999999999,cvff_auto
c=_1,si_,quadratic,241.04239999999999,1.835,cvff_auto
c=_1,sp_,quadratic,240.988,1.7450000000000001,cvff_auto
c=_2,c=_2,quadratic,480,1.4099999999999999,cvff_auto
c=_2,c=_3,quadratic,320,1.48,cvff_auto
c=_2,c_,quadratic,322.80000000000001,1.5,cvff_auto
c=_2,cl_,quadratic,278.51319999999998,1.732,cvff_auto
c=_2,cp_,quadratic,322.80000000000001,1.5,cvff_auto
c=_2,ct_,quadratic,337.64240000000001,1.425,cvff_auto
c=_2,f_,quadratic,285.13200000000001,1.395,cvff_auto
c=_2,h_,quadratic,361.60000000000002,1.0900000000000001,cvff_auto
c=_2,i_,quadratic,233.44319999999999,2.0659999999999998,cvff_auto
c=_2,n3m_,quadratic,273.71679999999998,1.4370000000000001,cvff_auto
c=_2,n4m_,quadratic,273.71679999999998,1.4370000000000001,cvff_auto
c=_2,n=_1,quadratic,331.87400000000002,1.4099999999999999,cvff_auto
c=_2,n=_2,quadratic,493.52679999999998,1.343,cvff_auto
c=_2,n=_3,quadratic,331.87400000000002,1.4099999999999999,cvff_auto
c=_2,n_,quadratic,279.07400000000001,1.4099999999999999,cvff_auto
c=_2,na_,quadratic,273.71679999999998,1.4370000000000001,cvff_auto
c=_2,np_,quadratic,331.87400000000002,1.4099999999999999,cvff_auto
c=_2,o'_,quadratic,312.91160000000002,1.355,cvff_auto
c=_2,o_,quadratic,355.19880000000001,1.3680000000000001,cvff_auto
c=_2,op_,quadratic,340.51159999999999,1.355,cvff_auto
c=_2,p_,quadratic,250.99879999999999,1.7250000000000001,cvff_auto
c=_2,s'_,quadratic,255.78800000000001,1.7450000000000001,cvff_auto
c=_2,s3e_,quadratic,254.94399999999999,1.7749999999999999,cvff_auto
c=_2,s4e_,quadratic,254.94399999999999,1.7749999999999999,cvff_auto
c=_2,s_,quadratic,254.94399999999999,1.7749999999999999,cvff_auto
c=_2,si_,quadratic,241.04239999999999,1.835,cvff_auto
c=_2,sp_,quadratic,240.988,1.7450000000000001,cvff_auto
c=_3,c=_3,quadratic,655.20000000000005,1.3300000000000001,cvff_auto
c=_3,c_,quadratic,322.80000000000001,1.5,cvff_auto
c=_3,cl_,quadratic,278.51319999999998,1.732,cvff_auto
c=_3,cp_,quadratic,322.80000000000001,1.5,cvff_auto
c=_3,ct_,quadratic,337.64240000000001,1.425,cvff_auto
c=_3,f_,quadratic,285.13200000000001,1.395,cvff_auto
c=_3,h_,quadratic,361.60000000000002,1.0900000000000001,cvff_auto
c=_3,i_,quadratic,233.44319999999999,2.0659999999999998,cvff_auto
c=_3,n3m_,quadratic,273.71679999999998,1.4370000000000001,cvff_auto
c=_3,n4m_,quadratic,273.71679999999998,1.4370000000000001,cvff_auto
c=_3,n=_1,quadratic,560,1.26,cvff_auto
c=_3,n=_2,quadratic,331.87400000000002,1.4099999999999999,cvff_auto
c=_3,n=_3,quadratic,560,1.26,cvff_auto
c=_3,n_,quadratic,279.07400000000001,1.4099999999999999,cvff_auto
c=_3,na_,quadratic,273.71679999999998,1.4370000000000001,cvff_auto
c=_3,np_,quadratic,331.87400000000002,1.4099999999999999,cvff_auto
c=_3,o'_,quadratic,312.91160000000002,1.355,cvff_auto
c=_3,o_,quadratic,355.19880000000001,1.3680000000000001,cvff_auto
c=_3,op_,quadratic,340.51159999999999,1.355,cvff_auto
c=_3,p_,quadratic,250.99879999999999,1.7250000000000001,cvff_auto
c=_3,s'_,quadratic,255.78800000000001,1.7450000000000001,cvff_auto
c=_3,s3e_,quadratic,254.94399999999999,1.7749999999999999,cvff_auto
c=_3,s4e_,quadratic,254.94399999999999,1.7749999999999999,cvff_auto
c=_3,s_,quadratic,254.94399999999999,1.7749999999999999,cvff_auto
c=_3,si_,quadratic,241.04239999999999,1.835,cvff_auto
c=_3,sp_,quadratic,240.988,1.7450000000000001,cvff_auto
c_,c_,quadratic,322.7158,1.526,cvff_auto
c_,cl_,quadratic,314,1.7609999999999999,cvff_auto
c_,cp_,quadratic,283.0924,1.51,cvff_auto
c_,ct_,quadratic,340,1.3999999999999999,cvff_auto
c_,f_,quadratic,496,1.363,cvff_auto
c_,h_,quadratic,340.61750000000001,1.105,cvff_auto
c_,i_,quadratic,200,2.1200000000000001,cvff_auto
c_,n+_,quadratic,270.8836,1.462,cvff_auto
c_,n3m_,quadratic,356.59879999999998,1.47,cvff_auto
c_,n4m_,quadratic,356.59879999999998,1.47,cvff_auto
c_,n=_,quadratic,336.80000000000001,1.4750000000000001,cvff_auto
c_,n=_1,quadratic,336.80000000000001,1.4750000000000001,cvff_auto
c_,n=_2,quadratic,336.80000000000001,1.4750000000000001,cvff_auto
c_,n=_3,quadratic,336.80000000000001,1.4750000000000001,cvff_auto
c_,n_,quadratic,377.5752,1.46,cvff_auto
c_,na_,quadratic,356.59879999999998,1.47,cvff_auto
c_,np_,quadratic,336.80000000000001,1.4750000000000001,cvff_auto
c_,o'_,quadratic,318.94839999999999,1.3799999999999999,cvff_auto
c_,o_,quadratic,273.19999999999999,1.425,cvff_auto
c_,op_,quadratic,346.54840000000002,1.3799999999999999,cvff_auto
c_,p_,quadratic,249.1344,1.75,cvff_auto
c_,s'_,quadratic,257.33240000000001,1.77,cvff_auto
c_,s_,quadratic,228,1.8,cvff_auto
c_,si_,quadratic,238,1.8089999999999999,cvff_auto
c_,sp_,quadratic,242.5324,1.77,cvff_auto
ce1,ce1,quadratic,322.7158,1.526,cvff
ce1,he1,quadratic,340.61750000000001,1.0900000000000001,cvff
ce1,oa1,quadratic,384,1.3999999999999999,cvff
ce1,oe1,quadratic,273.19999999999999,1.3999999999999999,cvff
ci,ci,quadratic,280,1.3899999999999999,cvff
ci,h,quadratic,363.41640000000001,1.0800000000000001,cvff
ci,ni,quadratic,320,1.3799999999999999,cvff
ci_,ci_,quadratic,280,1.3899999999999999,cvff_auto
ci_,h_,quadratic,363.41640000000001,1.0800000000000001,cvff_auto
ci_,ni_,quadratic,320,1.3799999999999999,cvff_auto
cl,cl,quadratic,236.55000000000001,1.988,cvff
cl,cp,quadratic,314,1.7609999999999999,cvff
cl,lp,quadratic,314,1.7609999999999999,cvff
cl_,cl_,quadratic,236.53389999999999,1.988,cvff_auto
cl_,cp_,quadratic,314,1.7609999999999999,cvff_auto
cl_,ct_,quadratic,292.1952,1.677,cvff_auto
cl_,f_,quadratic,207.11799999999999,1.647,cvff_auto
cl_,h_,quadratic,345.9024,1.3600000000000001,cvff_auto
cl_,i_,quadratic,189.33959999999999,2.3180000000000001,cvff_auto
cl_,n+_,quadratic,217.72479999999999,1.6890000000000001,cvff_auto
cl_,n3m_,quadratic,226.42599999999999,1.6890000000000001,cvff_auto
cl_,n4m_,quadratic,226.42599999999999,1.6890000000000001,cvff_auto
cl_,n=_,quadratic,280.36040000000003,1.6619999999999999,cvff_auto
cl_,n=_1,quadratic,280.36040000000003,1.6619999999999999,cvff_auto
cl_,n=_2,quadratic,280.36040000000003,1.6619999999999999,cvff_auto
cl_,n=_3,quadratic,280.36040000000003,1.6619999999999999,cvff_auto
cl_,n_,quadratic,227.56039999999999,1.6619999999999999,cvff_auto
cl_,na_,quadratic,226.42599999999999,1.6890000000000001,cvff_auto
cl_,np_,quadratic,280.36040000000003,1.6619999999999999,cvff_auto
cl_,o'_,quadratic,251.79390000000001,1.607,cvff_auto
cl_,o_,quadratic,307.06319999999999,1.6499999999999999,cvff_auto
cl_,op_,quadratic,279.39389999999997,1.607,cvff_auto
cl_,p_,quadratic,208.8228,2.0430000000000001,cvff_auto
cl_,s'_,quadratic,211.13679999999999,1.9970000000000001,cvff_auto
cl_,s3e_,quadratic,212.0812,2.0270000000000001,cvff_auto
cl_,s4e_,quadratic,212.0812,2.0270000000000001,cvff_auto
cl_,s_,quadratic,212.0812,2.0270000000000001,cvff_auto
cl_,si_,quadratic,207.97479999999999,2.0870000000000002,cvff_auto
cl_,sp_,quadratic,196.33680000000001,1.9970000000000001,cvff_auto
cp,cp,quadratic,480,1.3400000000000001,cvff
cp,f,quadratic,496,1.363,cvff
cp,h,quadratic,363.41640000000001,1.0800000000000001,cvff
cp,n,quadratic,280,1.4199999999999999,cvff
cp,n2,quadratic,388,1.3200000000000001,cvff
cp,no,quadratic,351.2527,1.472,cvff
cp,np,quadratic,560,1.26,cvff
cp,oh,quadratic,384,1.3700000000000001,cvff
cp_,cp_,quadratic,480,1.3899999999999999,cvff_auto
cp_,ct_,quadratic,321.67160000000001,1.3999999999999999,cvff_auto
cp_,f_,quadratic,496,1.363,cvff_auto
cp_,h_,quadratic,363.41640000000001,1.0800000000000001,cvff_auto
cp_,i_,quadratic,217.4512,2.0409999999999999,cvff_auto
cp_,n+_,quadratic,251.33439999999999,1.4119999999999999,cvff_auto
cp_,n3m_,quadratic,280,1.4199999999999999,cvff_auto
cp_,n4m_,quadratic,280,1.4199999999999999,cvff_auto
cp_,n=_,quadratic,316.03800000000001,1.385,cvff_auto
cp_,n=_1,quadratic,316.03800000000001,1.385,cvff_auto
cp_,n=_2,quadratic,316.03800000000001,1.385,cvff_auto
cp_,n=_3,quadratic,316.03800000000001,1.385,cvff_auto
cp_,n_,quadratic,280,1.4199999999999999,cvff_auto
cp_,na_,quadratic,257.77519999999998,1.4119999999999999,cvff_auto
cp_,np_,quadratic,440,1.3500000000000001,cvff_auto
cp_,o'_,quadratic,297.48520000000002,1.3300000000000001,cvff_auto
cp_,o_,quadratic,384,1.3700000000000001,cvff_auto
cp_,op_,quadratic,420,1.3700000000000001,cvff_auto
cp_,p_,quadratic,235.0428,1.7,cvff_auto
cp_,s'_,quadratic,239.80240000000001,1.72,cvff_auto
cp_,s3e,quadratic,228,1.73,cvff_auto
cp_,s4e,quadratic,228,1.73,cvff_auto
cp_,s_,quadratic,228,1.73,cvff_auto
cp_,si_,quadratic,225.16759999999999,1.8100000000000001,cvff_auto
cp_,sp_,quadratic,320,1.7105999999999999,cvff_auto
cr,n,quadratic,388,1.3200000000000001,cvff
cr,n1,quadratic,388,1.3200000000000001,cvff
cr,n2,quadratic,388,1.3200000000000001,cvff
cr,n=,quadratic,560,1.26,cvff
cr,n=1,quadratic,560,1.26,cvff
cr,n=2,quadratic,560,1.26,cvff
cr_,n=_,quadratic,560,1.26,cvff_auto
cr_,n=_1,quadratic,560,1.26,cvff_auto
cr_,n=_2,quadratic,560,1.26,cvff_auto
cr_,n=_3,quadratic,560,1.26,cvff_auto
cr_,n_,quadratic,388,1.3200000000000001,cvff_auto
cs,h,quadratic,379.08089999999999,1.0800000000000001,cvff
cs,sp,quadratic,320,1.7105999999999999,cvff
ct_,ct_,quadratic,800,1.204,cvff_auto
ct_,f_,quadratic,278.39319999999998,1.3400000000000001,cvff_auto
ct_,h_,quadratic,316.90159999999997,1.0529999999999999,cvff_auto
ct_,i_,quadratic,248.92679999999999,2.0110000000000001,cvff_auto
ct_,n+_,quadratic,278.3768,1.3819999999999999,cvff_auto
ct_,n3m_,quadratic,286.80959999999999,1.3819999999999999,cvff_auto
ct_,n4m_,quadratic,286.80959999999999,1.3819999999999999,cvff_auto
ct_,n=_,quadratic,342.2448,1.355,cvff_auto
ct_,n=_1,quadratic,342.2448,1.355,cvff_auto
ct_,n=_2,quadratic,342.2448,1.355,cvff_auto
ct_,n=_3,quadratic,342.2448,1.355,cvff_auto
ct_,n_,quadratic,289.44479999999999,1.355,cvff_auto
ct_,na_,quadratic,286.80959999999999,1.3819999999999999,cvff_auto
ct_,nt_,quadratic,880,1.1579999999999999,cvff_auto
ct_,o'_,quadratic,318.86799999999999,1.3,cvff_auto
ct_,o_,quadratic,367.81639999999999,1.3129999999999999,cvff_auto
ct_,op_,quadratic,346.46800000000002,1.3,cvff_auto
ct_,p_,quadratic,273.46679999999998,1.6699999999999999,cvff_auto
ct_,s'_,quadratic,270.83440000000002,1.6899999999999999,cvff_auto
ct_,s3e_,quadratic,271.43279999999999,1.72,cvff_auto
ct_,s4e_,quadratic,271.43279999999999,1.72,cvff_auto
ct_,s_,quadratic,271.43279999999999,1.72,cvff_auto
ct_,si_,quadratic,267.29640000000001,1.78,cvff_auto
ct_,sp_,quadratic,256.03440000000001,1.6899999999999999,cvff_auto
d,d,quadratic,398.24000000000001,0.74163999999999997,cvff
d_,d_,quadratic,398.23919999999998,0.74160000000000004,cvff_auto
et5,oa1,quadratic,300,0.69999999999999996,cvff
et5,oe1,quadratic,300,0.69999999999999996,cvff
et5,ot5,quadratic,300,0.68000000000000005,cvff
f,f,quadratic,259.06999999999999,1.417,cvff
f,lp,quadratic,496,1.363,cvff
f,sz,quadratic,392.80000000000001,1.665,cvff
f_,f_,quadratic,259.06830000000002,1.417,cvff_auto
f_,h_,quadratic,520.73040000000003,1.0229999999999999,cvff_auto
f_,i_,quadratic,174.16640000000001,1.9810000000000001,cvff_auto
f_,n+_,quadratic,178.03720000000001,1.3520000000000001,cvff_auto
f_,n3m_,quadratic,200.98519999999999,1.3520000000000001,cvff_auto
f_,n4m_,quadratic,200.98519999999999,1.3520000000000001,cvff_auto
f_,n=_,quadratic,242.18559999999999,1.325,cvff_auto
f_,n=_1,quadratic,242.18559999999999,1.325,cvff_auto
f_,n=_2,quadratic,242.18559999999999,1.325,cvff_auto
f_,n=_3,quadratic,242.18559999999999,1.325,cvff_auto
f_,n_,quadratic,189.38560000000001,1.325,cvff_auto
f_,na_,quadratic,200.98519999999999,1.3520000000000001,cvff_auto
f_,np_,quadratic,242.18559999999999,1.325,cvff_auto
f_,o'_,quadratic,204.0505,1.27,cvff_auto
f_,o_,quadratic,224,1.4179999999999999,cvff_auto
f_,op_,quadratic,231.65049999999999,1.27,cvff_auto
f_,p_,quadratic,230.3664,1.54,cvff_auto
f_,s'_,quadratic,195.3021,1.6599999999999999,cvff_auto
f_,s3e_,quadratic,204.8184,1.6899999999999999,cvff_auto
f_,s4e_,quadratic,204.8184,1.6899999999999999,cvff_auto
f_,s_,quadratic,204.8184,1.6899999999999999,cvff_auto
f_,si_,quadratic,297.33999999999997,1.587,cvff_auto
f_,sp_,quadratic,180.50210000000001,1.6599999999999999,cvff_auto
h,h,quadratic,398.75,0.74611000000000005,cvff
h,p,quadratic,224,1.5,cvff
h,si,quadratic,222.40000000000001,1.3819999999999999,cvff
h,sz,quadratic,222.40000000000001,1.3819999999999999,cvff
h*,o*,quadratic,540.6336,0.95999999999999996,cvff
h_,h_,quadratic,398.73009999999999,0.74609999999999999,cvff_auto
h_,i_,quadratic,292.04320000000001,1.694,cvff_auto
h_,n+_,quadratic,461.1848,1.0649999999999999,cvff_auto
h_,n3m_,quadratic,457.45920000000001,1.026,cvff_auto
h_,n4m_,quadratic,457.45920000000001,1.026,cvff_auto
h_,n=_,quadratic,551.20609999999999,1.038,cvff_auto
h_,n=_1,quadratic,551.20609999999999,1.038,cvff_auto
h_,n=_2,quadratic,551.20609999999999,1.038,cvff_auto
h_,n=_3,quadratic,551.20609999999999,1.038,cvff_auto
h_,n_,quadratic,483.45119999999997,1.026,cvff_auto
h_,na_,quadratic,457.45920000000001,1.026,cvff_auto
h_,np_,quadratic,483.45119999999997,1.026,cvff_auto
h_,o'_,quadratic,458.46100000000001,0.98299999999999998,cvff_auto
h_,o_,quadratic,493.84800000000001,0.95999999999999996,cvff_auto
h_,op_,quadratic,486.06099999999998,0.98299999999999998,cvff_auto
h_,p_,quadratic,224,1.4299999999999999,cvff_auto
h_,s'_,quadratic,316.81380000000001,1.373,cvff_auto
h_,s3e_,quadratic,274.12880000000001,1.3300000000000001,cvff_auto
h_,s4e_,quadratic,274.12880000000001,1.3300000000000001,cvff_auto
h_,s_,quadratic,274.12880000000001,1.3300000000000001,cvff_auto
h_,si_,quadratic,288.3168,1.4630000000000001,cvff_auto
h_,sp_,quadratic,236.54490000000001,1.373,cvff_auto
ha1,oa1,quadratic,540.6336,0.95999999999999996,cvff
hn,n,quadratic,483.45119999999997,1.026,cvff
hn,n1,quadratic,483.45119999999997,1.026,cvff
hn,n2,quadratic,457.45920000000001,1.026,cvff
hn,n3,quadratic,457.45920000000001,1.026,cvff
hn,n4,quadratic,457.45920000000001,1.026,cvff
hn,ni,quadratic,483.45119999999997,1.026,cvff
hn,np,quadratic,483.45119999999997,1.026,cvff
ho,o,quadratic,493.84800000000001,0.95999999999999996,cvff
ho,oh,quadratic,540.6336,0.95999999999999996,cvff
ho,oz,quadratic,540.6336,0.95999999999999996,cvff
hoc,oc4,quadratic,495,0.92900000000000005,cvff
hoc,oc5,quadratic,495,0.92900000000000005,cvff
hok,oy4,quadratic,495,0.92900000000000005,cvff
hok,oy5,quadratic,495,0.92900000000000005,cvff
hok,oy6,quadratic,495,0.92900000000000005,cvff
hop,oap1,quadratic,500,0.93999999999999995,cvff
hop,oap2,quadratic,500,0.93999999999999995,cvff
hoy,oc23,quadratic,495,0.94499999999999995,cvff
hoy,oy6,quadratic,495,0.92900000000000005,cvff
hoy,oy9,quadratic,495,0.92900000000000005,cvff
hs,sh,quadratic,274.12880000000001,1.3300000000000001,cvff
hspc,ospc,quadratic,540.6336,1,cvff
ht5,oa1,quadratic,540.6336,0.95699999999999996,cvff
ht5,ot5,quadratic,540.6336,0.95699999999999996,cvff
htip,otip,quadratic,540.6336,0.95699999999999996,cvff
i,i,quadratic,123.20999999999999,2.6619999999999999,cvff
i_,i_,quadratic,123.211,2.6619999999999999,cvff_auto
i_,n+_,quadratic,177.2764,2.0230000000000001,cvff_auto
i_,n3m_,quadratic,184.0104,2.0230000000000001,cvff_auto
i_,n4m_,quadratic,184.0104,2.0230000000000001,cvff_auto
i_,n=_,quadratic,239.49719999999999,1.996,cvff_auto
i_,n=_1,quadratic,239.49719999999999,1.996,cvff_auto
i_,n=_2,quadratic,239.49719999999999,1.996,cvff_auto
i_,n=_3,quadratic,239.49719999999999,1.996,cvff_auto
i_,n_,quadratic,186.69720000000001,1.996,cvff_auto
i_,na_,quadratic,184.0104,2.0230000000000001,cvff_auto
i_,np_,quadratic,239.49719999999999,1.996,cvff_auto
i_,o'_,quadratic,213.23169999999999,1.9410000000000001,cvff_auto
i_,o_,quadratic,264.98680000000002,1.984,cvff_auto
i_,op_,quadratic,240.83170000000001,1.9410000000000001,cvff_auto
i_,p_,quadratic,162.708,2.3109999999999999,cvff_auto
i_,s'_,quadratic,167.62719999999999,2.331,cvff_auto
i_,s3e_,quadratic,167.76240000000001,2.3610000000000002,cvff_auto
i_,s4e_,quadratic,167.76240000000001,2.3610000000000002,cvff_auto
i_,s_,quadratic,167.76240000000001,2.3610000000000002,cvff_auto
i_,si_,quadratic,158.96639999999999,2.4209999999999998,cvff_auto
i_,sp_,quadratic,152.8272,2.331,cvff_auto
lp,n,quadratic,483.45119999999997,1.026,cvff
lp,n1,quadratic,483.45119999999997,1.026,cvff
lp,n2,quadratic,457.45920000000001,1.026,cvff
lp,n3,quadratic,457.45920000000001,1.026,cvff
lp,n4,quadratic,457.45920000000001,1.026,cvff
lp,ni,quadratic,483.45119999999997,1.026,cvff
lp,np,quadratic,483.45119999999997,1.026,cvff
lp,o,quadratic,493.84800000000001,0.95999999999999996,cvff
lp,o*,quadratic,540.6336,0.95999999999999996,cvff
lp,oh,quadratic,540.6336,0.95999999999999996,cvff
lp,p,quadratic,224,1.5,cvff
lp,sh,quadratic,274.12880000000001,1.3300000000000001,cvff
n+_,n+_,quadratic,193.56039999999999,1.3939999999999999,cvff_auto
n+_,n3m_,quadratic,211.1592,1.3939999999999999,cvff_auto
n+_,n4m_,quadratic,211.1592,1.3939999999999999,cvff_auto
n+_,n=_,quadratic,263.43599999999998,1.367,cvff_auto
n+_,n=_1,quadratic,263.43599999999998,1.367,cvff_auto
n+_,n=_2,quadratic,263.43599999999998,1.367,cvff_auto
n+_,n=_3,quadratic,263.43599999999998,1.367,cvff_auto
n+_,n_,quadratic,210.636,1.367,cvff_auto
n+_,na_,quadratic,211.1592,1.3939999999999999,cvff_auto
n+_,np_,quadratic,263.43599999999998,1.367,cvff_auto
n+_,o'_,quadratic,234.10599999999999,1.3120000000000001,cvff_auto
n+_,o_,quadratic,291.00200000000001,1.325,cvff_auto
n+_,op_,quadratic,261.70600000000002,1.3120000000000001,cvff_auto
n+_,p_,quadratic,209.15360000000001,1.6819999999999999,cvff_auto
n+_,s'_,quadratic,198.09520000000001,1.702,cvff_auto
n+_,s_,quadratic,200.11680000000001,1.732,cvff_auto
n+_,si_,quadratic,206.94120000000001,1.792,cvff_auto
n+_,sp_,quadratic,183.29519999999999,1.702,cvff_auto
n3m_,n3m_,quadratic,220.80000000000001,1.3939999999999999,cvff_auto
n3m_,n4m_,quadratic,220.80000000000001,1.3939999999999999,cvff_auto
n3m_,n=_,quadratic,274.49680000000001,1.367,cvff_auto
n3m_,n=_1,quadratic,274.49680000000001,1.367,cvff_auto
n3m_,n=_2,quadratic,274.49680000000001,1.367,cvff_auto
n3m_,n=_3,quadratic,274.49680000000001,1.367,cvff_auto
n3m_,n_,quadratic,221.6968,1.367,cvff_auto
n3m_,na_,quadratic,220.80000000000001,1.3939999999999999,cvff_auto
n3m_,np_,quadratic,274.49680000000001,1.367,cvff_auto
n3m_,o'_,quadratic,246.57599999999999,1.3120000000000001,cvff_auto
n3m_,o_,quadratic,301.35000000000002,1.325,cvff_auto
n3m_,op_,quadratic,274.17599999999999,1.3120000000000001,cvff_auto
n3m_,p_,quadratic,210.53999999999999,1.6819999999999999,cvff_auto
n3m_,s'_,quadratic,205.77520000000001,1.702,cvff_auto
n3m_,s3e_,quadratic,206.94040000000001,1.732,cvff_auto
n3m_,s4e_,quadratic,206.94040000000001,1.732,cvff_auto
n3m_,s_,quadratic,206.94040000000001,1.732,cvff_auto
n3m_,si_,quadratic,204.42359999999999,1.792,cvff_auto
n3m_,sp_,quadratic,190.9752,1.702,cvff_auto
n4m_,n4m_,quadratic,220.80000000000001,1.3939999999999999,cvff_auto
n4m_,n=_,quadratic,274.49680000000001,1.367,cvff_auto
n4m_,n=_1,quadratic,274.49680000000001,1.367,cvff_auto
n4m_,n=_2,quadratic,274.49680000000001,1.367,cvff_auto
n4m_,n=_3,quadratic,274.49680000000001,1.367,cvff_auto
n4m_,n_,quadratic,221.6968,1.367,cvff_auto
n4m_,na_,quadratic,220.80000000000001,1.3939999999999999,cvff_auto
n4m_,np_,quadratic,274.49680000000001,1.367,cvff_auto
n4m_,o'_,quadratic,246.57599999999999,1.3120000000000001,cvff_auto
n4m_,o_,quadratic,301.35000000000002,1.325,cvff_auto
n4m_,op_,quadratic,274.17599999999999,1.3120000000000001,cvff_auto
n4m_,p_,quadratic,210.53999999999999,1.6819999999999999,cvff_auto
n4m_,s'_,quadratic,205.77520000000001,1.702,cvff_auto
n4m_,s3e_,quadratic,206.94040000000001,1.732,cvff_auto
n4m_,s4e_,quadratic,206.94040000000001,1.732,cvff_auto
n4m_,s_,quadratic,206.94040000000001,1.732,cvff_auto
n4m_,si_,quadratic,204.42359999999999,1.792,cvff_auto
n4m_,sp_,quadratic,190.9752,1.702,cvff_auto
n=_,n=_,quadratic,651.20000000000005,1.21,cvff_auto
n=_,n_,quadratic,272.80000000000001,1.3400000000000001,cvff_auto
n=_,na_,quadratic,274.49680000000001,1.367,cvff_auto
n=_,np_,quadratic,325.60000000000002,1.3400000000000001,cvff_auto
n=_,o'_,quadratic,575.87199999999996,1.1599999999999999,cvff_auto
n=_,o-_,quadratic,319.90800000000002,1.2849999999999999,cvff_auto
n=_,o_,quadratic,354.06319999999999,1.298,cvff_auto
n=_,op_,quadratic,319.90800000000002,1.2849999999999999,cvff_auto
n=_,p_,quadratic,272.75240000000002,1.655,cvff_auto
n=_,s'_,quadratic,489.24000000000001,1.5900000000000001,cvff_auto
n=_,s3e_,quadratic,263.42079999999999,1.7050000000000001,cvff_auto
n=_,s4e_,quadratic,263.42079999999999,1.7050000000000001,cvff_auto
n=_,s_,quadratic,263.42079999999999,1.7050000000000001,cvff_auto
n=_,si_,quadratic,269.60640000000001,1.7649999999999999,cvff_auto
n=_,sp_,quadratic,246.28440000000001,1.675,cvff_auto
n=_1,n=_1,quadratic,325.60000000000002,1.3400000000000001,cvff_auto
n=_1,n=_2,quadratic,325.60000000000002,1.3400000000000001,cvff_auto
n=_1,n=_3,quadratic,651.20000000000005,1.21,cvff_auto
n=_1,n_,quadratic,272.80000000000001,1.3400000000000001,cvff_auto
n=_1,na_,quadratic,274.49680000000001,1.367,cvff_auto
n=_1,np_,quadratic,325.60000000000002,1.3400000000000001,cvff_auto
n=_1,o'_,quadratic,292.30799999999999,1.2849999999999999,cvff_auto
n=_1,o-_,quadratic,319.90800000000002,1.2849999999999999,cvff_auto
n=_1,o_,quadratic,354.06319999999999,1.298,cvff_auto
n=_1,op_,quadratic,319.90800000000002,1.2849999999999999,cvff_auto
n=_1,p_,quadratic,272.75240000000002,1.655,cvff_auto
n=_1,s'_,quadratic,261.08440000000002,1.675,cvff_auto
n=_1,s3e_,quadratic,263.42079999999999,1.7050000000000001,cvff_auto
n=_1,s4e_,quadratic,263.42079999999999,1.7050000000000001,cvff_auto
n=_1,s_,quadratic,263.42079999999999,1.7050000000000001,cvff_auto
n=_1,si_,quadratic,269.60640000000001,1.7649999999999999,cvff_auto
n=_1,sp_,quadratic,246.28440000000001,1.675,cvff_auto
n=_2,n=_2,quadratic,488,1.276,cvff_auto
n=_2,n=_3,quadratic,325.60000000000002,1.3400000000000001,cvff_auto
n=_2,n_,quadratic,272.80000000000001,1.3400000000000001,cvff_auto
n=_2,na_,quadratic,274.49680000000001,1.367,cvff_auto
n=_2,np_,quadratic,325.60000000000002,1.3400000000000001,cvff_auto
n=_2,o'_,quadratic,434.08999999999997,1.2224999999999999,cvff_auto
n=_2,o-_,quadratic,319.90800000000002,1.2849999999999999,cvff_auto
n=_2,o_,quadratic,354.06319999999999,1.298,cvff_auto
n=_2,op_,quadratic,319.90800000000002,1.2849999999999999,cvff_auto
n=_2,p_,quadratic,272.75240000000002,1.655,cvff_auto
n=_2,s'_,quadratic,375.16239999999999,1.6325000000000001,cvff_auto
n=_2,s3e_,quadratic,263.42079999999999,1.7050000000000001,cvff_auto
n=_2,s4e_,quadratic,263.42079999999999,1.7050000000000001,cvff_auto
n=_2,s_,quadratic,263.42079999999999,1.7050000000000001,cvff_auto
n=_2,si_,quadratic,269.60640000000001,1.7649999999999999,cvff_auto
n=_2,sp_,quadratic,246.28440000000001,1.675,cvff_auto
n=_3,n=_3,quadratic,651.20000000000005,1.21,cvff_auto
n=_3,n_,quadratic,272.80000000000001,1.3400000000000001,cvff_auto
n=_3,na_,quadratic,274.49680000000001,1.367,cvff_auto
n=_3,np_,quadratic,325.60000000000002,1.3400000000000001,cvff_auto
n=_3,o'_,quadratic,575.87199999999996,1.1599999999999999,cvff_auto
n=_3,o-_,quadratic,319.90800000000002,1.2849999999999999,cvff_auto
n=_3,o_,quadratic,354.06319999999999,1.298,cvff_auto
n=_3,op_,quadratic,319.90800000000002,1.2849999999999999,cvff_auto
n=_3,p_,quadratic,272.75240000000002,1.655,cvff_auto
n=_3,s'_,quadratic,489.24000000000001,1.5900000000000001,cvff_auto
n=_3,s3e_,quadratic,263.42079999999999,1.7050000000000001,cvff_auto
n=_3,s4e_,quadratic,263.42079999999999,1.7050000000000001,cvff_auto
n=_3,s_,quadratic,263.42079999999999,1.7050000000000001,cvff_auto
n=_3,si_,quadratic,269.60640000000001,1.7649999999999999,cvff_auto
n=_3,sp_,quadratic,246.28440000000001,1.675,cvff_auto
n_,n_,quadratic,220,1.3400000000000001,cvff_auto
n_,na_,quadratic,221.6968,1.367,cvff_auto
n_,np_,quadratic,272.80000000000001,1.3400000000000001,cvff_auto
n_,o'_,quadratic,239.50800000000001,1.2849999999999999,cvff_auto
n_,o_,quadratic,301.26319999999998,1.298,cvff_auto
n_,op_,quadratic,267.108,1.2849999999999999,cvff_auto
n_,p_,quadratic,219.95240000000001,1.655,cvff_auto
n_,s'_,quadratic,208.28440000000001,1.675,cvff_auto
n_,s3e_,quadratic,210.6208,1.7050000000000001,cvff_auto
n_,s4e_,quadratic,210.6208,1.7050000000000001,cvff_auto
n_,s_,quadratic,210.6208,1.7050000000000001,cvff_auto
n_,si_,quadratic,216.8064,1.7649999999999999,cvff_auto
n_,sp_,quadratic,193.48439999999999,1.675,cvff_auto
na_,na_,quadratic,220.80000000000001,1.3939999999999999,cvff_auto
na_,np_,quadratic,274.49680000000001,1.367,cvff_auto
na_,o'_,quadratic,246.57599999999999,1.3120000000000001,cvff_auto
na_,o_,quadratic,301.35000000000002,1.325,cvff_auto
na_,op_,quadratic,274.17599999999999,1.3120000000000001,cvff_auto
na_,p_,quadratic,210.53999999999999,1.6819999999999999,cvff_auto
na_,s'_,quadratic,205.77520000000001,1.702,cvff_auto
na_,s3e_,quadratic,206.94040000000001,1.732,cvff_auto
na_,s4e_,quadratic,206.94040000000001,1.732,cvff_auto
na_,s_,quadratic,206.94040000000001,1.732,cvff_auto
na_,si_,quadratic,204.42359999999999,1.792,cvff_auto
na_,sp_,quadratic,190.9752,1.702,cvff_auto
no,o-,quadratic,560.99419999999998,1.2178,cvff
np_,np_,quadratic,408,1.3400000000000001,cvff_auto
np_,o'_,quadratic,292.30799999999999,1.2849999999999999,cvff_auto
np_,o-_,quadratic,319.90800000000002,1.2849999999999999,cvff_auto
np_,o_,quadratic,354.06319999999999,1.298,cvff_auto
np_,op_,quadratic,319.90800000000002,1.2849999999999999,cvff_auto
np_,p_,quadratic,272.75240000000002,1.655,cvff_auto
np_,s'_,quadratic,261.08440000000002,1.675,cvff_auto
np_,s3e_,quadratic,263.42079999999999,1.7050000000000001,cvff_auto
np_,s4e_,quadratic,263.42079999999999,1.7050000000000001,cvff_auto
np_,s_,quadratic,263.42079999999999,1.7050000000000001,cvff_auto
np_,si_,quadratic,269.60640000000001,1.7649999999999999,cvff_auto
np_,sp_,quadratic,246.28440000000001,1.675,cvff_auto
nt,nt,quadratic,1632.51,1.09758,cvff
nt_,nt_,quadratic,1632.4955,1.0975999999999999,cvff_auto
nz,nz,quadratic,1632.51,1.09758,cvff
nz_,nz_,quadratic,1632.4955,1.0975999999999999,cvff_auto
o,o,quadratic,833.72000000000003,1.208,cvff
o,p,quadratic,245.19999999999999,1.6100000000000001,cvff
o,si,quadratic,392.80000000000001,1.665,cvff
o,sz,quadratic,392.80000000000001,1.615,cvff
o',p,quadratic,560,1.53,cvff
o'_,o'_,quadratic,484.80000000000001,1.1100000000000001,cvff_auto
o'_,o_,quadratic,323.17200000000003,1.2430000000000001,cvff_auto
o'_,op_,quadratic,272.39999999999998,1.23,cvff_auto
o'_,p_,quadratic,524,1.48,cvff_auto
o'_,s'_,quadratic,421.5188,1.54,cvff_auto
o'_,s3e_,quadratic,239.5744,1.6499999999999999,cvff_auto
o'_,s4e_,quadratic,239.5744,1.6499999999999999,cvff_auto
o'_,s_,quadratic,360.41879999999998,1.5900000000000001,cvff_auto
o'_,si_,quadratic,454.74639999999999,1.6499999999999999,cvff_auto
o'_,sp_,quadratic,341.27359999999999,1.5600000000000001,cvff_auto
o-,p,quadratic,480,1.53,cvff
o-_,p_,quadratic,428,1.48,cvff_auto
o_,o_,quadratic,833.68679999999995,1.208,cvff_auto
o_,op_,quadratic,350.77199999999999,1.2430000000000001,cvff_auto
o_,p_,quadratic,245.19999999999999,1.6100000000000001,cvff_auto
o_,s'_,quadratic,286.75839999999999,1.633,cvff_auto
o_,s3e_,quadratic,288.08479999999997,1.6930000000000001,cvff_auto
o_,s4e_,quadratic,288.08479999999997,1.6930000000000001,cvff_auto
o_,s_,quadratic,288.08479999999997,1.6930000000000001,cvff_auto
o_,si_,quadratic,392.80000000000001,1.665,cvff_auto
o_,sp_,quadratic,271.95839999999998,1.633,cvff_auto
oap1,pap,quadratic,430,1.5700000000000001,cvff
oc1,sc1,quadratic,250,1.6799999999999999,cvff
oc23,sc4,quadratic,285,1.6799999999999999,cvff
oc23,sy1,quadratic,285,1.6799999999999999,cvff
oc23,sy2,quadratic,285,1.6799999999999999,cvff
oh,p,quadratic,300,1.5700000000000001,cvff
oh,sz,quadratic,392.80000000000001,1.635,cvff
op_,op_,quadratic,300,1.23,cvff_auto
op_,p_,quadratic,286.09039999999999,1.6299999999999999,cvff_auto
op_,s'_,quadratic,262.9744,1.6200000000000001,cvff_auto
op_,s3e_,quadratic,266.77480000000003,1.6799999999999999,cvff_auto
op_,s4e_,quadratic,266.77480000000003,1.6799999999999999,cvff_auto
op_,s_,quadratic,266.77480000000003,1.6799999999999999,cvff_auto
op_,si,quadratic,292.24000000000001,1.587,cvff_auto
op_,sp_,quadratic,247.84399999999999,1.6499999999999999,cvff_auto
oy1,sy1,quadratic,430,1.7262,cvff
oy1,sy2,quadratic,430,1.7282999999999999,cvff
oy2,sy1,quadratic,430,1.7166999999999999,cvff
oy2,sy2,quadratic,430,1.7230000000000001,cvff
oy3,sy1,quadratic,430,1.7430000000000001,cvff
oy3,sy2,quadratic,430,1.7230000000000001,cvff
oy4,sy1,quadratic,430,1.7315,cvff
oy5,sy2,quadratic,430,1.7303999999999999,cvff
oy7,sy1,quadratic,430,1.7315,cvff
oy8,sy2,quadratic,430,1.7303999999999999,cvff
oz,sz,quadratic,392.80000000000001,1.615,cvff
p_,p_,quadratic,176,1.97,cvff_auto
p_,s'_,quadratic,255.25239999999999,1.97,cvff_auto
p_,s-_,quadratic,210.97999999999999,1.98,cvff_auto
p_,s3e_,quadratic,186.8792,2.02,cvff_auto
p_,s4e_,quadratic,186.8792,2.02,cvff_auto
p_,s_,quadratic,186.8792,2.02,cvff_auto
p_,si_,quadratic,168.2072,1.917,cvff_auto
p_,sp_,quadratic,175.17959999999999,1.99,cvff_auto
s,s,quadratic,180,2,cvff
s'_,s'_,quadratic,320,1.97,cvff_auto
s'_,s3e_,quadratic,189.92599999999999,2.04,cvff_auto
s'_,s4e_,quadratic,189.92599999999999,2.04,cvff_auto
s'_,s_,quadratic,189.92599999999999,2.04,cvff_auto
s'_,si_,quadratic,247.5744,2.0800000000000001,cvff_auto
s'_,sp_,quadratic,240,1.99,cvff_auto
s1,s1,quadratic,180,2,cvff
s3e_,s3e_,quadratic,180,2,cvff_auto
s3e_,s4e_,quadratic,180,2,cvff_auto
s3e_,s_,quadratic,160,2.1000000000000001,cvff_auto
s3e_,si_,quadratic,177.2928,2.1299999999999999,cvff_auto
s3e_,sp_,quadratic,175.126,2.04,cvff_auto
s4e_,s4e_,quadratic,180,2,cvff_auto
s4e_,s_,quadratic,160,2.1000000000000001,cvff_auto
s4e_,si_,quadratic,177.2928,2.1299999999999999,cvff_auto
s4e_,sp_,quadratic,175.126,2.04,cvff_auto
s_,s_,quadratic,180,2.0547,cvff_auto
s_,si_,quadratic,177.2928,2.1299999999999999,cvff_auto
s_,sp_,quadratic,175.126,2.04,cvff_auto
si_,si_,quadratic,144,2.4199999999999999,cvff_auto
si_,sp_,quadratic,167.42599999999999,2.1000000000000001,cvff_auto
sp_,sp_,quadratic,160,2.0099999999999998,cvff_auto
sz,sz,quadratic,392.80000000000001,3.0899999999999999,cvff
